63
391
150
164
76
688
297
451
900
159
848
292
613
296
909
200
422
77
428
108
728
170
494
812
958
380
749
51
595
723
192
505
171
247
457
907
437
762
517
785
695
498
155
540
651
610
601
783
184
65
355
335
156
787
86
190
305
183
836
356
101
553
881
855
351
593
950
285
638
316
923
775
428
312
778
305
427
830
825
791
351
339
328
90
228
103
684
394
393
611
580
718
134
948
370
387
842
901
708
626
423
612
684
717
938
667
252
634
614
58
534
184
392
211
299
634
809
182
826
779
679
183
75
273
941
660
133
108
812
323
861
129
313
516
168
626
65
74
466
752
499
160
952
252
709
745
339
641
842
153
14
559
82
634
538
332
314
737
608
819
357
763
191
170
371
954
246
846
42
261
196
826
378
134
806
304
325
149
177
423
47
278
721
438
682
918
537
848
821
596
276
40
270
573
835
766
509
224
296
443
259
404
106
825
396
582
562
375
265
383
893
700
992
350
691
609
951
202
528
412
879
251
353
618
734
553
49
573
416
149
660
38
111
895
908
965
704
399
650
55
711
392
919
831
254
529
172
360
130
870
87
25
447
247
22
890
933
488
209
422
91
456
187
282
843
574
505
797
534
849
7
728
241
262
807
352
488
40
611
698
546
986
605
326
261
33
205
751
140
608
811
786
310
403
997
309
401
33
387
514
430
492
841
499
895
370
229
136
126
473
497
423
760
366
435
596
138
351
860
818
626
594
470
240
466
381
641
815
960
544
392
19
713
256
327
800
640
237
744
767
217
253
518
593
491
274
441
291
205
778
916
34
56
343
155
305
189
78
713
753
321
595
249
321
550
901
611
550
372
365
497
700
280
333
866
821
923
655
447
738
134
491
501
64
556
501
954
140
730
550
539
867
210
122
805
67
886
19
875
462
147
12
288
800
987
336
5
214
96
435
325
441
142
265
550
668
648
862
75
314
574
149
416
388
821
46
30
82
976
34
504
503
253
808
733
802
715
413
598
898
819
295
370
777
756
939
201
557
548
736
614
267
59
596
144
876
274
733
242
61
852
738
154
434
835
443
103
619
455
318
815
329
755
292
927
762
584
187
92
235
166
117
250
846
832
441
795
845
79
1000
114
877
394
683
217
270
269
748
791
802
743
402
94
148
800
1000
532
355
475
280
368
767
576
444
552
76
317
69
873
901
446
416
742
42
27
94
820
588
89
538
774
544
660
81
76
91
11
445
537
621
660
322
909
705
9
909
440
84
483
929
689
372
815
227
270
939
718
721
828
684
529
847
914
213
364
370
673
381
603
865
182
800
379
17
563
625
698
615
722
407
145
371
988
379
712
131
266
129
747
685
610
645
748
386
963
280
26
119
764
35
256
950
826
771
184
365
449
125
962
188
326
524
895
741
554
833
899
575
881
579
171
171
268
119
531
619
491
929
427
7
503
92
811
371
951
54
172
502
425
368
121
395
996
20
406
285
371
136
831
687
156
362
661
962
410
476
197
458
488
914
593
547
240
81
35
711
851
810
518
628
313
232
655
524
899
887
357
317
231
477
357
810
715
261
129
673
614
409
386
31
764
696
163
617
136
89
392
76
15
143
943
7
746
389
437
311
556
988
276
979
821
842
20
506
838
397
336
754
726
569
506
378
781
846
785
394
15
997
506
249
515
492
709
503
252
73
338
405
839
667
468
17
406
935
60
550
389
834
585
252
563
698
822
828
356
642
420
654
508
637
698
230
542
10
162
348
934
465
87
972
508
302
84
238
218
555
342
398
887
507
724
278
677
28
597
619
656
932
875
774
449
936
447
467
874
185
422
303
98
848
410
861
674
282
516
50
689
223
496
26
438
992
145
546
660
48
952
208
507
277
199
424
172
543
930
392
709
448
152
30
550
987
429
905
571
570
772
461
827
483
245
554
32
811
89
599
536
574
5
36
315
109
518
181
750
433
18
886
600
871
632
723
67
909
656
614
549
532
637
543
535
670
538
855
246
585
571
581
368
373
502
453
841
499
810
382
295
303
207
43
915
399
150
172
233
964
369
486
81
480
670
200
295
912
25
15
79
117
152
932
422
310
419
101
37
696
291
266
583
640
993
408
213
920
538
539
528
456
474
463
991
599
816
936
17
827
977
803
581
77
471
229
1000
736
354
994
367
819
23
832
429
725
497
509
872
425
709
279
7
786
35
475
758
177
722
87
654
52
130
972
222
313
712
110
839
260
373
670
22
629
80
754
155
93
534
323
154
83
887
679
695
306
346
896
680
981
188
589
357
22
149
488
827
546
835
48
482
281
235
343
708
829
917
231
511
306
384
272
676
933
70
165
816
463
97
784
939
116
254
443
552
958
857
1
804
904
417
347
443
992
325
983
319
996
695
63
826
945
184
766
710
960
340
456
402
658
439
946
608
861
41
479
629
39
310
141
985
690
41
912
664
73
490
701
104
578
725
881
860
388
837
659
343
251
320
872
685
386
149
406
343
905
444
899
486
303
421
758
18
313
371
709
434
763
274
129
895
966
791
151
108
731
103
25
553
303
179
797
401
864
2
100
688
39
975
197
521
742
101
146
206
356
80
844
473
791
614
579
411
425
293
472
108
165
207
383
202
788
396
215
21
331
398
716
306
1000
387
7
870
909
886
51
438
44
223
179
5
676
676
347
262
626
408
437
594
371
300
237
739
481
531
478
754
588
202
390
215
164
279
719
407
380
8
736
490
8
328
716
989
195
487
177
406
882
855
308
343
517
462
538
732
103
920
466
848
923
668
242
549
778
27
399
738
986
164
841
258
753
540
54
123
451
68
261
156
680
203
646
795
98
701
456
173
477
444
195
983
183
286
304
333
266
320
638
977
816
674
294
990
727
10
320
373
501
69
775
944
845
27
611
965
634
954
606
566
372
830
978
342
705
168
360
174
461
156
396
202
53
88
167
821
713
738
548
676
728
369
576
858
912
983
428
71
366
852
52
142
427
814
493
151
848
657
643
570
531
618
696
302
834
352
52
473
207
268
297
472
237
240
270
33
59
39
687
63
862
652
379
414
155
213
486
64
533
721
599
135
124
255
396
828
87
337
221
320
579
153
263
169
460
883
146
798
563
172
277
398
945
377
81
86
548
386
299
242
167
560
357
839
990
541
951
606
763
147
394
323
66
328
670
214
316
729
477
529
650
205
455
36
928
139
871
142
397
541
110
117
951
535
566
768
292
651
417
962
606
743
44
561
855
202
646
488
518
298
213
794
416
274
308
905
218
818
677
526
206
359
157
857
573
933
784
898
60
610
147
961
385
84
321
540
1000
798
79
679
33
879
60
209
132
291
755
436
176
151
644
229
120
135
818
597
816
202
789
791
270
752
627
403
588
987
826
274
965
684
762
139
390
383
633
46
943
481
782
567
490
105
130
900
923
477
996
978
416
255
108
662
4
960
642
592
798
266
680
508
855
204
781
796
836
954
299
160
401
148
508
968
567
272
176
539
38
234
730
377
671
394
413
310
51
655
576
799
88
363
145
34
414
783
593
241
180
593
876
832
697
834
349
512
144
245
575
498
530
637
126
439
898
926
895
424
774
343
646
570
786
950
239
764
561
388
183
644
486
299
395
158
431
469
553
646
212
239
798
785
175
926
351
15
908
240
196
44
242
303
666
415
779
89
656
266
89
299
205
67
609
696
568
122
612
988
735
484
251
166
300
991
548
885
709
224
67
962
635
330
634
895
750
119
443
542
846
691
733
109
309
151
430
640
91
60
888
408
578
408
303
867
987
598
473
147
32
153
767
643
516
561
300
24
912
898
715
460
936
312
798
185
45
736
316
148
412
195
546
752
823
76
662
876
210
436
343
351
56
931
657
764
591
138
1000
137
698
543
787
996
270
289
299
975
31
165
196
627
355
872
515
892
119
342
184
660
305
690
726
986
277
350
409
964
364
582
599
762
251
280
874
693
408
134
661
472
481
752
21
950
264
19
898
12
642
799
214
72
56
968
365
315
328
778
486
579
20
530
905
435
314
67
681
487
126
711
644
747
141
847
232
451
699
452
440
73
400
78
352
434
231
925
877
682
671
247
840
641
421
209
365
77
697
673
775
546
880
539
951
112
426
3
60
325
133
875
525
346
538
13
525
993
278
643
286
439
835
364
753
575
952
266
532
80
575
298
141
735
646
956
926
264
280
276
298
993
788
807
944
647
726
938
381
926
629
552
486
555
949
402
455
268
677
164
437
914
420
878
859
773
544
720
323
905
247
225
458
41
337
962
361
873
774
694
130
567
628
901
320
237
739
673
274
768
109
256
913
669
72
156
264
613
214
176
531
54
703
148
843
748
669
330
618
463
784
89
233
719
675
898
962
309
999
457
27
52
510
14
40
368
203
541
716
134
208
787
817
268
624
75
550
786
886
328
960
169
230
971
181
339
778
30
69
604
119
538
785
23
58
30
465
723
549
482
832
144
63
371
619
957
818
775
162
60
774
723
510
288
646
619
20
549
466
211
632
801
557
203
181
49
680
248
12
383
214
160
20
611
297
398
785
536
157
288
824
865
868
173
793
891
170
586
982
700
481
935
52
588
136
710
335
891
751
731
450
379
599
498
943
432
575
693
804
733
882
622
167
425
383
148
980
666
1
161
932
1000
481
587
904
733
976
817
926
236
97
201
115
752
470
919
58
734
618
664
804
357
295
520
384
660
521
545
645
78
707
134
686
426
640
671
869
549
565
253
891
236
757
424
54
156
428
46
613
501
752
143
552
991
301
231
155
187
161
844
540
133
920
33
851
809
816
274
338
427
990
553
421
435
755
825
188
953
906
544
806
950
595
778
993
299
869
739
719
781
935
645
754
154
104
124
292
445
311
910
272
304
869
687
269
74
27
715
76
423
398
813
704
224
210
872
942
490
333
300
805
611
155
668
319
2
323
173
200
791
647
137
111
123
721
357
675
856
29
992
687
548
770
453
553
91
573
546
624
547
95
602
932
844
117
520
906
391
473
918
488
533
863
172
630
212
595
308
438
574
897
670
397
930
716
640
466
87
179
112
670
70
386
141
645
40
797
394
828
272
50
365
859
450
607
119
782
907
905
252
78
555
447
886
221
481
998
677
506
837
438
698
353
668
37
612
511
687
155
603
805
213
846
258
42
83
583
666
926
89
132
869
444
751
783
664
584
351
743
981
530
964
277
552
585
260
714
216
123
202
599
112
195
791
21
311
789
602
639
621
295
485
892
647
640
274
153
612
781
310
375
864
953
253
536
41
685
78
912
889
560
464
522
476
769
661
336
739
875
638
375
911
528
64
330
737
25
469
789
994
285
669
685
678
912
879
39
655
149
667
959
71
1000
978
762
598
933
24
77
29
333
984
839
585
674
176
188
332
520
71
140
889
207
749
299
511
334
18
290
768
811
345
551
706
336
478
840
37
504
158
438
638
986
126
527
579
188
415
812
592
997
512
100
802
300
253
672
186
940
702
546
341
676
515
912
169
490
94
797
706
937
353
137
990
451
947
919
413
632
453
144
717
190
385
551
821
491
125
324
265
474
196
741
221
699
118
402
414
174
650
583
869
328
745
32
781
63
788
176
727
739
40
426
571
558
513
51
386
45
389
144
578
167
923
564
610
166
180
445
823
355
896
136
446
183
476
273
442
719
691
208
48
191
170
496
825
347
576
146
593
706
382
82
926
812
235
848
594
541
500
65
52
562
282
839
172
412
308
382
678
107
319
608
257
468
450
564
121
294
255
827
889
785
215
459
845
688
413
943
614
929
422
350
727
43
647
827
673
335
8
942
858
402
568
185
354
529
33
133
601
462
853
69
75
75
313
123
606
636
200
651
230
842
139
989
975
605
296
614
227
609
425
369
691
804
727
961
459
207
78
539
378
404
370
762
71
471
714
827
523
751
196
450
354
663
618
500
427
80
692
767
163
370
182
447
788
306
547
178
580
742
361
254
299
695
503
313
453
742
164
617
106
154
770
342
554
489
604
237
452
557
995
766
232
857
751
488
796
156
940
523
773
477
667
46
22
704
874
810
613
599
23
375
372
989
145
701
213
983
223
918
154
148
526
771
4
950
612
708
866
161
746
667
53
468
626
747
97
54
270
789
599
395
961
579
304
423
9
961
140
522
77
793
605
756
531
230
237
707
558
619
887
850
734
196
253
876
648
93
422
162
168
770
42
122
428
543
928
649
747
697
959
585
381
244
684
542
493
503
973
53
228
333
947
311
600
213
789
269
685
348
786
932
210
489
463
643
183
178
467
882
134
469
950
829
360
721
705
689
745
166
442
863
39
26
174
887
502
502
269
390
768
144
560
595
499
362
502
534
299
459
184
363
874
285
745
550
85
271
482
174
89
11
693
343
949
474
432
714
226
63
884
88
473
410
775
104
299
558
383
477
623
196
8
587
671
905
327
451
636
238
104
461
20
278
893
645
465
54
784
185
787
344
180
154
688
976
270
202
35
155
521
789
619
564
443
611
550
233
570
108
942
102
627
341
426
424
636
562
704
972
104
484
594
545
819
485
78
435
87
194
594
754
846
737
760
803
192
746
70
693
696
507
706
174
842
326
660
655
792
758
260
502
462
282
749
10
354
153
922
516
536
335
793
100
244
919
829
217
697
793
648
157
818
805
712
297
47
489
1
93
194
72
108
514
435
812
54
603
689
101
740
9
897
210
70
455
420
879
154
14
900
880
162
178
399
37
752
980
272
390
121
304
186
753
464
714
334
329
933
637
847
986
133
76
956
427
635
765
966
570
375
162
18
390
655
290
257
641
3
728
54
380
157
378
840
920
392
404
209
810
41
870
974
31
780
404
232
81
552
188
593
48
981
997
931
964
860
14
862
697
344
485
665
604
404
81
275
102
733
954
610
95
730
511
100
173
601
816
748
60
347
102
599
544
699
456
95
33
211
15
271
694
807
419
113
462
622
863
733
466
407
99
826
207
208
521
306
683
901
202
497
277
478
330
934
930
337
305
166
54
763
11
196
992
897
139
141
609
964
691
108
589
876
103
417
499
916
771
632
314
222
49
511
436
328
680
903
256
16
609
535
970
804
332
397
662
733
779
767
261
45
213
345
455
150
902
375
578
221
652
398
385
191
909
254
961
442
407
162
904
167
569
99
54
15
360
826
345
980
308
205
891
105
525
348
687
548
424
500
76
651
470
115
393
509
702
229
370
827
449
791
970
230
447
26
834
306
857
250
624
308
295
712
227
616
939
68
550
703
501
23
883
198
744
880
778
890
644
909
906
651
29
149
423
30
341
684
325
216
102
326
492
7
906
511
788
979
519
347
947
790
29
217
213
247
977
373
547
125
319
503
831
10
747
22
638
862
177
176
103
742
823
830
812
372
375
796
119
985
241
143
727
529
968
554
234
110
123
698
189
551
375
489
737
929
724
312
864
870
21
880
770
46
196
658
857
548
301
29
787
123
65
769
841
256
414
314
211
329
581
543
759
582
829
547
402
127
758
276
525
511
696
674
179
983
381
58
307
686
812
412
385
112
399
425
882
780
759
673
360
306
503
484
794
644
223
399
463
485
866
290
684
784
394
639
213
802
450
397
713
786
171
415
761
760
867
663
153
756
228
150
456
440
953
680
397
777
774
963
283
577
48
81
46
465
675
359
542
750
995
933
803
857
708
174
322
107
310
922
295
384
411
163
67
756
979
948
153
27
691
433
243
141
985
266
490
946
395
690
326
699
520
504
947
754
350
403
196
890
550
227
356
945
734
702
251
740
845
456
213
524
84
967
522
609
339
582
1
860
242
455
54
217
281
839
150
877
857
13
73
468
557
258
559
726
147
960
853
42
264
724
674
404
363
998
86
107
456
347
739
686
272
448
702
33
982
785
831
170
821
651
430
201
585
279
1
863
276
864
980
6
162
160
40
417
302
925
623
389
430
538
39
681
605
267
501
106
776
544
812
122
667
470
470
306
36
442
953
269
503
616
294
903
452
523
686
93
743
654
614
207
807
482
573
948
961
945
12
252
29
202
21
68
649
126
718
998
828
251
560
935
118
614
947
165
959
462
397
272
125
55
867
935
41
397
190
599
124
17
746
288
558
432
99
585
624
10
425
117
27
329
606
861
704
299
116
920
489
977
364
336
952
273
373
647
646
545
682
58
478
293
544
421
932
562
558
631
280
252
397
199
752
189
818
431
909
79
537
225
836
420
652
215
327
188
221
110
741
151
408
830
240
547
269
787
397
272
13
640
138
714
466
477
731
927
28
502
517
330
665
63
238
31
501
452
956
184
986
21
734
719
673
962
992
292
274
219
419
594
793
660
316
765
721
111
212
527
245
546
376
468
285
346
617
938
790
296
606
76
269
467
481
713
189
46
848
312
471
708
909
447
97
513
232
509
274
651
659
93
349
273
934
108
900
682
644
84
39
146
645
258
229
1000
750
876
539
219
286
591
491
710
763
104
534
337
436
786
28
651
216
848
395
549
167
907
343
72
438
302
177
642
505
552
979
869
61
609
483
232
388
385
62
74
92
725
351
580
546
708
912
750
243
601
80
173
723
721
933
747
569
80
772
272
987
823
959
712
150
201
118
309
529
685
401
343
922
54
437
232
241
586
573
356
84
816
971
97
778
142
15
564
820
954
799
533
185
599
400
99
201
521
788
523
452
221
212
757
796
491
320
599
336
5
524
502
763
309
581
282
876
802
725
842
959
651
875
536
100
751
487
62
614
796
404
257
735
223
295
180
938
19
239
760
945
285
461
915
56
248
294
767
90
300
686
597
666
181
791
633
725
817
731
792
470
441
55
439
785
427
400
477
788
512
2
412
779
714
175
252
420
456
133
601
162
205
851
469
909
510
676
25
954
603
669
177
367
151
468
541
842
3
610
903
2
192
363
258
614
388
178
863
757
343
298
446
366
590
891
563
265
655
370
687
516
654
92
729
819
279
548
116
978
694
491
643
453
172
711
546
362
298
776
262
957
435
630
208
804
564
39
678
364
288
584
443
204
786
49
961
320
65
302
491
97
907
172
343
923
147
81
604
463
781
62
889
890
381
73
174
950
906
782
775
519
664
671
126
641
246
380
544
584
333
684
307
239
859
500
509
485
471
911
841
493
69
391
878
574
716
50
105
106
199
401
740
954
929
390
647
50
324
484
542
233
795
515
283
204
198
419
413
892
846
281
904
325
202
368
295
311
330
554
376
874
226
896
623
182
113
678
462
489
42
713
484
181
746
261
147
929
380
59
182
806
329
680
290
429
956
164
596
319
461
289
371
757
44
130
704
857
833
806
340
613
161
517
592
483
908
562
475
412
524
642
943
181
864
236
805
646
75
201
235
29
470
62
91
19
909
151
653
157
825
759
592
142
409
293
717
714
47
697
388
254
328
648
683
647
979
484
35
345
38
159
526
89
373
89
7
828
885
568
72
936
713
624
610
396
554
772
704
596
124
819
549
888
918
46
615
518
626
601
644
260
366
279
12
362
2
531
975
880
699
549
257
500
704
898
794
527
563
168
259
368
146
255
934
344
695
131
117
856
340
170
70
960
11
57
630
930
845
116
859
7
657
213
662
136
663
253
161
751
910
257
317
182
779
742
64
184
27
456
493
175
242
416
67
382
197
244
547
320
741
283
836
337
725
9
209
348
806
232
966
420
337
72
743
710
805
120
538
639
785
293
741
202
644
434
235
221
419
385
555
509
884
345
393
598
912
641
977
319
701
787
82
414
789
133
792
536
361
940
964
700
347
777
791
113
906
33
412
76
375
48
910
991
120
21
331
118
194
68
207
219
36
744
387
749
482
55
184
461
703
91
567
497
823
229
194
68
44
125
288
613
495
823
261
639
113
672
992
57
587
810
834
431
387
869
843
505
599
174
799
267
439
636
577
221
294
832
39
139
425
29
94
327
716
561
255
845
185
66
498
408
2
876
490
19
449
34
722
827
830
84
982
419
833
48
541
896
880
723
733
918
539
937
607
546
14
668
628
218
7
610
585
457
464
66
967
568
735
56
535
993
365
239
700
133
732
438
80
146
133
62
684
909
760
755
682
198
28
273
117
276
370
352
764
398
125
971
986
36
949
622
946
581
365
743
385
306
873
559
596
659
412
104
460
368
49
720
183
275
440
831
617
292
955
286
323
485
481
904
962
672
843
61
627
765
494
101
166
48
344
570
800
259
510
289
790
1000
253
19
822
137
664
286
952
219
258
969
398
272
692
737
472
172
593
109
258
555
919
232
562
689
121
272
485
298
259
155
633
955
806
938
624
208
853
376
107
760
199
444
901
677
190
132
554
377
958
141
672
558
546
153
557
4
996
873
217
496
459
187
573
602
562
941
620
744
895
91
297
66
281
85
825
990
678
476
874
181
51
478
173
677
245
368
528
752
184
220
110
637
646
972
891
526
962
901
923
602
182
447
594
203
362
980
706
26
525
479
328
625
408
775
911
954
161
172
314
143
254
338
356
106
860
579
562
757
566
562
723
468
841
21
303
522
720
554
854
201
675
342
202
734
613
865
584
492
406
118
147
832
126
354
458
885
876
339
722
313
286
843
222
863
738
876
655
519
452
407
431
299
40
56
250
747
442
220
431
227
132
781
259
459
608
805
696
23
743
138
204
656
922
769
700
908
239
102
810
441
541
778
372
400
731
870
616
351
951
487
5
927
923
298
971
880
92
402
430
169
941
352
767
468
393
75
979
17
217
808
552
754
325
83
694
720
134
55
674
452
155
186
937
960
866
525
602
863
626
498
797
33
990
686
563
108
740
602
965
976
511
668
202
833
27
612
187
235
903
444
658
937
119
246
99
294
90
109
865
464
609
85
779
697
146
28
513
456
819
597
338
167
699
306
399
806
990
290
958
825
895
588
567
606
795
467
747
425
923
258
935
115
794
794
371
536
632
897
855
536
446
949
856
40
627
442
784
18
143
992
956
434
470
600
490
11
23
592
146
753
429
133
612
768
821
665
642
61
713
998
832
660
949
954
289
874
880
283
924
491
70
156
607
839
723
616
514
920
458
238
871
207
175
758
696
591
450
380
210
314
317
594
609
516
615
315
20
549
243
61
11
234
938
470
718
646
24
27
887
245
950
428
42
849
3
340
844
897
24
792
2
238
716
974
748
80
550
376
442
777
305
33
469
471
805
191
105
296
939
481
17
954
393
59
860
41
951
416
711
284
545
632
27
537
78
218
272
472
208
123
794
334
93
247
651
107
77
519
897
598
77
956
241
159
340
971
300
277
564
778
345
33
363
33
300
819
610
125
366
332
238
713
556
132
669
238
300
28
819
757
301
422
478
914
126
188
927
875
418
815
890
240
955
873
951
774
149
988
26
823
676
212
567
645
824
611
835
103
624
340
911
922
533
706
222
843
865
889
713
356
583
581
945
413
980
746
365
37
982
548
4
929
708
417
781
893
239
579
821
425
760
593
121
133
426
753
356
488
344
487
76
709
170
497
16
391
252
582
852
415
520
68
729
851
734
161
118
769
448
444
436
349
3
557
336
919
51
698
202
920
149
956
510
566
403
922
128
831
300
756
942
603
722
250
585
252
880
949
99
762
484
910
919
274
345
215
566
447
328
743
278
932
24
26
168
505
51
207
273
876
43
323
353
241
701
559
531
357
276
894
436
768
849
282
552
625
939
231
169
294
953
687
377
876
639
799
786
972
425
610
947
463
169
861
622
379
271
899
960
110
906
162
425
554
898
230
813
850
399
788
162
444
239
698
795
591
596
901
452
55
917
682
918
319
687
89
173
398
402
399
1
782
984
835
482
297
60
492
687
652
736
216
609
520
201
472
259
478
959
170
677
555
927
343
154
661
603
15
550
165
766
89
52
365
888
208
142
580
9
98
662
295
419
362
765
19
8
73
75
192
182
360
22
72
704
41
126
496
88
23
648
110
185
835
249
180
690
793
830
628
263
754
962
301
82
754
472
148
67
397
209
646
187
974
239
685
39
128
579
857
3
785
253
609
957
564
466
35
852
317
786
304
889
154
547
675
284
368
152
684
866
172
670
543
517
196
128
578
269
253
689
800
374
885
499
447
994
803
309
761
304
190
674
649
28
900
880
524
514
933
422
114
205
726
202
380
949
730
145
113
41
430
440
404
152
891
643
512
982
146
892
983
901
339
742
807
834
887
162
670
186
87
178
799
429
684
516
909
418
656
866
520
315
204
16
6
985
820
829
403
923
320
829
580
660
604
589
633
539
379
97
961
950
223
276
506
425
572
598
369
788
342
450
439
595
23
336
965
682
902
16
289
360
581
937
457
291
809
9
319
917
471
589
38
542
181
851
644
393
447
166
97
851
836
714
687
698
864
129
970
978
586
822
817
150
553
839
542
437
458
304
234
826
557
582
333
928
18
464
261
614
966
909
148
864
866
58
183
983
837
19
660
842
769
981
740
460
692
57
322
663
808
971
154
665
164
755
997
542
468
27
580
143
383
787
603
938
912
538
256
354
352
206
236
96
561
350
450
2
286
453
5
699
561
857
727
611
117
989
743
904
253
572
466
348
20
728
333
954
903
26
178
332
183
322
922
798
292
601
746
800
223
324
592
504
102
164
544
918
606
972
306
300
75
715
886
142
564
931
235
646
749
49
556
140
404
270
197
396
504
597
604
423
687
238
875
662
336
978
765
156
888
824
679
412
320
496
289
516
998
566
229
216
275
256
943
154
222
459
333
800
191
20
873
518
998
963
133
454
77
972
799
437
51
705
645
80
587
538
690
6
908
535
490
792
58
647
994
758
141
498
859
316
560
436
809
741
541
306
975
87
359
706
622
184
319
206
13
374
924
586
50
925
245
15
986
428
120
806
78
649
265
33
327
247
35
534
539
597
762
45
960
1
196
628
385
597
445
497
79
224
130
736
737
200
25
150
711
878
935
509
899
66
297
912
849
986
488
586
368
133
478
690
977
725
54
538
416
724
11
408
466
325
687
740
222
231
560
587
910
518
958
348
336
794
239
25
255
156
6
520
240
710
106
258
938
18
611
819
917
622
507
812
518
230
290
934
922
570
66
944
858
722
324
34
909
232
227
690
940
309
663
615
274
462
821
269
474
336
229
512
958
962
179
781
141
954
83
541
356
242
55
875
616
260
691
168
315
20
691
268
318
157
211
504
694
839
238
978
546
528
787
9
323
656
645
194
260
441
194
138
989
350
871
237
275
827
90
702
122
646
664
855
293
645
616
244
133
368
967
843
137
136
77
590
133
696
120
365
294
563
967
421
156
847
226
390
409
48
841
940
537
839
546
515
331
804
831
169
399
122
519
126
952
635
107
887
684
155
884
108
217
353
427
206
834
155
129
429
922
10
176
841
177
478
497
816
149
667
488
575
171
484
701
292
22
190
637
115
447
881
816
512
261
306
812
197
175
84
954
724
440
425
79
951
833
916
350
597
494
192
435
40
538
846
155
77
868
363
339
916
998
32
862
865
683
78
115
145
202
218
142
609
144
5
446
700
402
583
695
131
899
501
505
562
995
449
656
649
569
177
101
512
322
314
333
494
531
254
241
532
115
147
734
389
244
551
157
641
724
993
262
730
159
874
976
494
911
843
276
983
926
816
563
16
811
742
605
161
108
345
308
580
987
617
600
408
436
398
76
142
742
434
377
442
88
821
346
540
61
127
919
792
835
161
278
123
265
413
654
432
975
559
958
242
66
76
214
746
976
971
748
762
808
736
130
283
758
480
789
828
398
170
321
989
143
251
548
187
355
429
752
308
251
265
205
517
703
586
343
682
607
156
699
647
220
349
511
540
570
451
235
766
746
694
355
756
27
591
358
142
929
744
76
829
313
526
587
527
195
757
890
770
401
307
370
291
839
192
346
471
876
28
59
185
568
194
419
245
382
307
677
581
476
86
328
3
560
334
319
46
710
741
289
64
151
400
490
311
12
802
986
834
355
133
84
39
737
478
514
418
433
761
151
912
356
494
581
573
417
842
600
435
823
1000
875
589
441
873
929
979
185
722
455
894
712
149
352
862
68
667
9
129
891
473
414
431
104
320
972
556
332
665
312
942
518
544
512
104
646
328
313
383
214
112
537
114
370
389
886
79
178
424
566
811
493
889
312
90
896
460
235
169
8
43
854
167
420
460
200
179
631
61
713
498
828
141
152
768
850
860
390
1
930
493
450
96
535
387
143
424
86
123
708
665
710
217
2
830
25
381
467
276
51
526
880
189
467
519
516
558
623
730
784
758
525
859
526
352
800
270
186
554
128
60
21
503
957
817
588
770
772
945
209
669
355
645
88
672
138
808
213
693
722
328
972
364
339
657
721
451
329
539
633
24
886
103
408
410
526
637
52
181
974
179
690
596
246
497
520
747
329
112
659
421
971
444
306
260
387
727
562
768
257
353
428
962
401
629
236
81
984
933
890
909
350
112
702
33
917
323
112
638
866
542
334
654
681
800
818
398
325
294
411
416
905
800
963
384
352
788
864
717
924
888
743
154
261
90
638
998
656
58
712
153
746
826
87
880
957
276
60
690
219
357
459
244
920
433
614
425
525
583
94
254
961
846
1
934
475
1000
256
170
470
334
920
451
612
700
828
250
926
679
497
96
538
692
498
833
743
194
669
39
413
787
485
900
968
79
737
456
399
810
381
268
392
943
784
117
510
749
534
725
973
513
575
999
397
923
384
274
765
725
168
368
386
722
197
63
609
324
776
511
81
265
670
285
781
606
800
551
360
332
86
697
273
210
192
368
546
219
573
158
707
826
831
605
684
323
990
422
571
708
852
244
979
188
609
877
182
738
449
273
795
121
122
366
259
131
226
59
377
523
353
276
313
528
898
365
259
999
224
627
799
823
687
687
722
715
288
740
2
915
657
459
15
333
420
596
923
563
7
512
227
860
612
461
582
719
986
618
629
772
323
828
28
886
215
992
817
991
626
73
370
410
801
100
163
263
819
826
744
954
541
823
536
333
302
513
539
519
229
146
261
445
543
682
251
112
590
430
637
7
374
45
437
422
10
845
792
983
758
930
226
984
358
903
151
286
975
968
231
977
980
926
793
895
973
580
19
341
411
91
737
531
886
329
148
80
322
695
557
646
511
282
667
958
897
857
329
679
248
865
731
532
504
518
970
12
67
652
837
878
725
21
843
179
809
331
471
670
763
999
59
178
413
531
616
876
581
606
965
249
103
750
134
856
47
834
175
531
346
992
73
186
334
781
787
808
695
427
397
946
571
536
2
590
168
525
652
432
52
419
364
275
358
133
329
14
611
674
736
500
163
737
46
425
949
891
579
889
856
35
407
51
436
361
801
431
544
383
909
252
629
227
701
117
123
31
692
997
339
189
855
208
700
759
637
915
34
686
96
671
508
537
540
594
261
489
208
567
909
962
11
119
384
77
865
680
416
196
390
493
895
188
370
326
511
362
981
673
733
624
628
945
627
823
629
110
933
217
152
405
463
87
839
514
837
832
543
411
11
115
383
886
86
295
529
766
211
425
239
874
174
47
407
351
861
979
458
527
254
33
969
665
470
620
833
75
188
549
673
838
822
318
353
953
10
22
989
57
711
262
362
159
933
652
233
769
386
901
674
238
543
241
98
380
331
625
456
909
622
564
524
266
824
995
73
165
906
769
277
965
597
455
791
558
803
487
848
928
979
919
109
562
264
32
692
357
972
672
428
509
305
173
778
310
360
147
810
923
534
519
867
877
980
325
293
801
22
23
407
635
14
399
692
979
401
952
6
485
458
831
495
605
86
951
291
666
72
742
546
554
798
378
100
414
804
928
125
312
583
14
700
170
164
679
839
665
618
199
705
962
150
144
655
12
30
668
791
574
199
715
897
850
890
336
426
586
613
55
799
674
623
170
392
198
6
61
989
493
796
558
861
766
6
921
236
82
415
906
644
51
581
812
664
227
147
506
541
872
551
4
386
399
796
252
322
390
874
890
607
958
29
165
185
953
356
210
55
792
738
138
165
424
122
671
207
798
887
351
173
369
594
573
447
695
208
908
971
266
474
245
180
556
630
811
29
121
54
261
415
277
176
188
1000
870
94
277
909
138
415
921
64
948
782
531
869
931
641
674
226
355
645
408
757
408
591
410
923
416
326
897
485
137
424
767
509
571
298
278
179
215
716
222
529
25
755
150
493
401
865
437
616
496
218
929
338
329
425
920
264
62
995
837
617
669
89
709
390
794
436
362
680
694
988
776
286
864
986
438
254
100
630
671
308
377
931
865
250
832
786
262
863
57
949
610
490
560
765
196
48
344
741
417
869
166
417
524
464
506
777
906
41
713
602
38
879
695
815
240
845
355
84
404
166
483
907
712
273
426
723
765
998
575
582
138
457
383
633
301
134
534
801
804
838
322
428
251
313
225
38
350
197
732
173
738
797
963
191
143
693
347
987
840
389
918
389
886
949
330
950
986
936
844
27
346
580
934
740
678
465
519
64
923
471
258
127
703
253
434
952
638
967
564
261
733
320
581
660
829
873
846
430
650
456
413
21
789
532
790
618
270
367
209
421
262
326
926
233
164
670
374
406
671
871
476
233
571
757
621
489
567
12
771
355
182
684
224
185
357
213
753
54
637
693
240
309
336
903
119
459
338
359
810
673
216
900
948
271
908
76
101
342
508
174
570
916
591
716
877
517
9
400
383
560
969
752
99
152
921
445
149
292
790
272
843
866
218
646
3
263
110
758
165
977
491
728
938
57
538
593
981
83
442
660
704
864
115
499
51
814
225
910
561
366
747
3
355
999
660
654
129
241
434
995
501
524
629
994
195
938
274
994
687
314
625
586
597
606
739
828
974
920
496
50
753
832
480
781
841
153
192
796
670
221
24
850
110
638
538
388
125
399
397
473
995
706
724
794
941
411
929
971
990
460
949
875
128
754
452
785
269
241
804
199
971
204
607
796
536
647
34
580
441
496
933
755
449
819
947
923
777
117
820
105
67
259
538
718
707
181
712
525
456
773
154
480
767
868
801
408
401
871
741
965
782
269
952
210
370
349
472
101
303
549
741
46
947
742
485
869
980
375
660
689
529
558
400
815
258
878
572
975
339
302
946
29
717
206
719
78
157
288
442
553
417
676
837
481
224
395
983
176
594
817
816
142
160
309
975
170
269
347
9
889
597
228
979
517
741
12
545
311
755
996
40
455
175
752
137
275
498
308
727
511
125
899
124
620
566
33
278
4
623
833
88
717
431
1
670
892
278
837
400
195
187
129
419
774
863
947
796
699
679
632
383
769
382
302
575
730
42
33
215
795
768
650
136
899
178
341
284
946
680
282
602
197
485
711
467
807
395
644
549
130
761
654
885
102
260
616
282
25
892
55
424
816
849
21
835
52
949
800
660
497
228
468
361
651
761
598
575
34
378
442
787
887
48
424
906
455
423
882
782
696
37
298
282
594
937
922
519
664
705
763
72
846
897
425
466
606
208
711
873
30
349
927
23
163
82
893
854
796
160
893
192
40
172
170
437
450
800
8
341
398
644
444
294
860
823
635
600
445
25
336
223
859
539
362
585
558
25
309
105
580
686
888
219
832
769
839
737
727
135
921
109
791
352
893
840
657
839
328
330
728
260
826
994
610
108
227
993
79
580
288
843
360
449
786
758
417
148
841
533
258
28
748
751
786
653
756
492
613
935
186
39
889
970
366
58
163
609
986
815
607
996
742
683
639
522
261
984
83
174
776
451
434
34
793
10
504
217
283
234
665
570
336
768
302
290
507
487
653
824
783
274
197
831
719
978
714
440
432
266
757
254
844
313
672
398
808
823
401
726
248
92
5
589
122
910
215
436
96
393
241
700
978
715
778
191
563
888
440
899
867
556
8
109
77
216
644
994
297
943
644
476
565
288
80
538
104
742
749
401
583
87
646
570
915
66
453
724
450
773
394
292
118
158
811
1
107
992
277
693
908
8
506
769
745
552
899
888
58
131
735
952
783
922
541
772
386
911
199
693
925
193
712
169
417
263
783
508
630
976
828
223
810
242
202
223
60
882
957
808
208
59
343
473
40
450
694
265
632
418
167
66
594
51
785
781
980
953
179
286
175
706
40
545
849
295
285
765
453
479
543
857
994
936
914
356
65
727
592
705
875
642
382
731
899
149
798
533
239
890
200
998
404
988
914
10
90
629
18
636
398
46
969
59
72
448
202
842
404
545
283
445
788
761
44
281
646
325
422
299
306
91
382
388
743
135
9
971
582
365
770
619
502
561
570
598
314
476
599
178
968
967
72
228
492
533
224
155
941
156
658
342
45
996
204
744
518
427
142
866
51
440
316
42
133
430
706
355
272
715
137
693
429
26
287
30
89
143
403
873
254
953
993
390
1000
860
18
202
587
647
153
369
443
979
609
81
332
870
995
369
483
751
254
258
132
259
511
220
901
590
468
964
123
534
404
332
932
597
586
371
709
317
905
311
684
393
705
153
665
65
842
376
465
54
265
57
947
399
657
93
159
532
180
35
682
449
730
983
583
933
73
11
403
459
54
989
616
280
603
521
69
399
914
809
419
682
192
586
579
993
357
641
382
439
243
6
365
219
764
87
379
21
290
584
327
834
745
90
366
826
176
762
776
63
664
723
226
808
395
886
868
784
34
785
236
209
464
805
275
636
322
85
958
597
915
708
736
938
146
766
438
333
167
226
155
451
343
406
820
499
644
540
719
19
136
604
368
319
59
745
508
228
547
576
714
517
340
470
646
771
753
26
624
458
801
347
636
225
149
539
747
170
880
980
330
451
368
410
410
372
421
609
296
27
536
856
413
524
62
575
745
300
780
413
860
512
101
565
717
250
146
33
70
356
922
879
39
32
762
371
906
87
814
30
471
32
480
150
881
947
216
734
249
767
238
327
834
393
804
702
260
430
351
424
301
714
527
524
244
754
301
888
920
71
141
719
393
748
292
841
85
3
348
507
742
378
157
864
682
115
286
56
963
868
572
945
935
253
26
211
947
344
298
288
660
518
483
860
326
415
676
9
745
25
175
462
872
614
825
49
524
815
562
538
585
710
176
291
614
634
457
317
979
732
552
524
854
506
559
789
295
9
359
431
261
472
524
16
655
923
92
369
392
517
56
69
485
530
20
782
265
108
500
761
235
884
424
314
910
235
730
83
762
546
325
273
17
383
160
128
404
488
523
169
302
597
298
416
625
713
983
970
960
273
708
543
213
737
994
5
453
491
996
397
416
705
887
170
77
453
726
534
29
999
785
559
22
783
525
123
260
307
970
32
59
155
577
671
8
731
669
98
89
713
300
163
82
975
309
911
25
731
500
51
44
414
723
509
465
690
852
47
782
936
909
143
298
824
938
2
780
41
577
99
339
692
154
430
718
812
414
218
821
385
170
806
791
358
820
219
293
287
29
355
647
655
287
336
934
777
336
167
57
581
944
367
476
573
319
717
510
640
51
506
481
935
833
471
448
799
202
279
620
430
448
759
375
561
312
873
669
861
418
879
663
533
943
494
218
924
355
928
848
691
859
351
166
789
225
263
253
601
397
979
772
327
678
515
854
183
985
180
888
510
241
393
22
514
81
233
735
593
302
976
350
861
431
26
250
474
489
709
816
435
350
303
527
306
695
728
36
318
98
609
496
578
269
509
927
180
579
495
945
619
534
84
303
85
223
730
94
103
410
881
576
942
101
625
412
814
810
509
474
809
930
439
307
739
373
571
928
691
224
656
682
628
374
20
522
268
410
823
275
445
643
468
36
498
409
787
98
884
815
282
550
391
90
646
123
318
297
772
18
406
54
20
761
594
12
401
961
354
192
130
279
617
557
861
302
983
363
788
779
741
72
552
249
143
138
366
422
230
195
79
414
191
669
284
214
918
48
850
867
719
563
634
884
862
855
836
77
13
538
557
326
654
651
366
852
42
729
199
206
506
392
4
770
180
390
607
521
48
491
71
856
242
768
479
9
3
418
945
129
940
303
717
595
786
496
84
5
640
471
602
617
601
555
908
504
478
97
78
146
87
221
312
72
845
618
274
325
55
534
53
826
387
513
820
354
184
192
75
190
153
301
799
553
252
57
390
398
924
925
944
465
261
525
134
563
878
639
786
186
315
130
799
600
179
585
578
659
247
498
322
717
373
179
636
357
620
381
666
838
96
803
149
606
144
868
640
441
966
919
479
159
503
7
672
252
644
191
168
942
960
47
817
500
755
784
427
357
982
949
729
735
608
914
565
913
433
585
479
883
469
571
977
564
691
908
703
876
150
562
389
923
731
879
401
746
564
125
107
793
437
289
114
672
742
467
993
178
712
653
913
663
19
195
833
865
70
450
932
473
728
115
274
467
320
673
457
799
496
465
845
425
272
106
437
995
120
694
160
641
380
456
680
926
911
950
62
814
954
888
783
35
220
665
782
724
302
518
609
66
287
93
504
157
822
976
859
415
494
618
723
759
31
553
132
577
786
20
73
539
5
887
921
459
664
677
497
455
215
677
402
21
641
784
36
181
80
418
850
476
962
751
32
202
535
377
395
190
180
79
737
688
8
287
321
471
605
478
771
245
105
751
314
503
997
411
697
833
390
289
661
90
50
167
833
628
725
231
143
103
205
124
550
125
635
799
575
865
91
117
45
284
981
284
979
185
837
566
64
434
984
388
617
929
792
959
566
371
713
131
896
554
405
110
240
627
909
7
748
496
674
202
990
54
667
459
37
801
303
864
944
286
677
924
360
569
954
714
901
985
35
431
180
313
828
851
696
720
208
441
751
891
337
596
974
713
874
100
671
688
348
482
73
142
174
441
73
650
577
37
600
236
578
425
373
515
793
579
501
381
562
266
40
804
873
187
989
639
900
440
145
782
892
315
884
667
300
962
484
645
668
867
191
342
584
281
90
895
589
159
399
803
588
525
151
658
275
121
492
887
695
351
267
851
822
588
432
579
229
847
634
624
973
858
56
270
947
576
100
487
240
639
63
856
22
431
629
173
804
99
635
33
564
344
390
192
835
12
5
976
793
634
874
956
738
458
45
900
148
526
106
922
42
394
860
934
488
843
865
668
463
84
192
564
931
876
713
539
60
92
284
936
874
496
100
914
716
141
701
96
19
522
732
432
722
57
318
340
961
255
796
529
219
58
941
954
340
739
676
622
127
588
180
293
774
252
289
528
395
400
961
170
815
828
75
81
586
283
662
593
538
571
365
508
543
493
281
122
918
668
336
71
172
51
229
790
151
659
424
968
463
757
992
418
842
118
845
997
368
753
43
967
668
337
668
187
180
726
77
204
219
271
524
48
69
290
664
155
11
816
337
233
416
756
818
584
594
933
228
676
309
170
309
877
452
270
737
447
74
509
583
321
377
565
848
80
425
136
179
564
18
993
637
386
949
429
695
860
616
764
560
679
153
263
164
27
813
197
525
304
441
689
522
271
649
974
533
294
887
214
97
177
654
102
11
93
263
670
808
422
108
969
416
164
611
16
849
497
94
115
687
70
465
370
539
71
643
561
810
884
1000
171
967
66
54
1000
691
617
62
26
500
662
622
548
452
124
437
972
459
655
454
667
264
194
601
682
444
185
622
263
223
105
652
912
967
823
705
879
686
286
18
439
579
885
597
446
636
616
813
164
555
549
942
667
302
650
506
239
740
598
436
727
164
117
394
596
272
720
216
106
618
492
307
38
478
145
826
175
945
62
964
183
88
907
726
267
931
16
108
753
859
436
819
938
498
840
820
712
915
245
315
690
122
531
840
510
92
716
454
494
202
952
82
342
474
978
94
332
55
2
71
121
394
813
92
823
240
562
256
468
158
102
82
814
139
227
802
799
13
316
510
964
543
140
863
280
57
152
454
598
656
850
331
102
400
823
999
415
111
939
999
631
427
676
484
767
159
772
577
411
226
115
149
856
113
12
738
126
110
878
565
208
264
398
487
409
325
476
331
922
214
387
617
226
306
869
842
781
517
654
821
568
178
31
642
83
671
87
109
799
64
445
540
411
718
88
485
314
82
298
74
959
429
763
878
300
377
498
597
959
557
729
158
54
709
130
844
196
985
716
414
245
47
963
916
934
403
191
163
112
742
963
258
15
180
145
358
694
314
596
75
277
704
454
484
678
892
995
500
388
135
549
830
429
116
690
810
74
14
811
170
356
305
430
572
753
972
518
296
967
21
945
188
193
925
579
662
272
654
658
242
259
282
137
965
809
254
328
929
70
559
884
121
621
467
803
56
710
84
467
509
776
328
475
970
960
500
994
293
155
691
599
286
48
593
792
234
401
373
871
632
803
591
178
370
276
85
170
638
829
876
334
477
497
997
633
875
317
22
345
17
439
555
746
504
404
853
962
791
244
82
454
166
561
204
61
771
713
710
603
597
463
253
137
952
65
180
547
641
333
858
186
138
797
263
547
815
382
85
927
986
403
380
428
596
503
576
733
917
811
823
854
566
604
662
418
957
905
27
328
426
795
688
899
535
389
758
826
332
679
929
31
444
430
731
899
874
966
659
226
904
10
63
891
834
883
863
91
486
232
84
2
742
821
41
166
522
399
145
695
519
862
33
451
525
204
527
882
840
389
484
404
564
7
766
666
503
109
929
131
497
286
286
880
223
707
452
266
681
34
991
178
656
676
358
497
860
325
321
145
685
925
395
732
697
290
196
811
101
961
242
346
223
101
802
418
620
158
769
847
333
526
